Dataset at data/generated_datasets/cnn_dailymail/no_attack/KGW/qwen2_chat_0_5B_fix_bug exists, loading it
Results for finding the threshold do not exist yet. Computing them now...
Classifying the articles...
Test metrics:
accuracy: 1.0
precision: 0.758
recall: 0.758
f1_score: 0.758
fp_rate: 0.0
tp_rate: 0.758
std_accuracy: 0.0
std_precision: 0.42829429134649927
std_recall: 0.42829429134649927
std_f1_score: 0.42829429134649927
std_fp_rate: 0.0
std_tp_rate: 0.42829429134649927
TP: 0.999
TN: 1.001
FP: 0.0
FN: 0.0
roc_auc: 1.0
fpr: [0. 0. 1.]
tpr: [0. 1. 1.]
thresholds: [       inf 0.84903687 0.07011405]
Test metrics at specific given threshold:
accuracy: 1.0
precision: 0.74
recall: 0.74
f1_score: 0.74
fp_rate: 0.0
tp_rate: 0.74
std_accuracy: 0.0
std_precision: 0.43863424398922624
std_recall: 0.43863424398922624
std_f1_score: 0.43863424398922624
std_fp_rate: 0.0
std_tp_rate: 0.43863424398922624
TP: 0.996
TN: 1.004
FP: 0.0
FN: 0.0
Threshold for target FPR 0.05: 0.07011405480179561
Classifying the articles...
Test metrics:
accuracy: 1.0
precision: 0.747
recall: 0.747
f1_score: 0.747
fp_rate: 0.0
tp_rate: 0.747
std_accuracy: 0.0
std_precision: 0.4347309512790641
std_recall: 0.4347309512790641
std_f1_score: 0.4347309512790641
std_fp_rate: 0.0
std_tp_rate: 0.4347309512790641
TP: 1.006
TN: 0.994
FP: 0.0
FN: 0.0
roc_auc: 1.0
fpr: [0. 0. 1.]
tpr: [0. 1. 1.]
thresholds: [       inf 1.         0.02137666]
Test metrics at specific given threshold:
accuracy: 1.0
precision: 0.754
recall: 0.754
f1_score: 0.754
fp_rate: 0.0
tp_rate: 0.754
std_accuracy: 0.0
std_precision: 0.43067853440820564
std_recall: 0.43067853440820564
std_f1_score: 0.43067853440820564
std_fp_rate: 0.0
std_tp_rate: 0.43067853440820564
TP: 0.999
TN: 1.001
FP: 0.0
FN: 0.0
