Dataset at data/generated_datasets/cnn_dailymail/no_attack/KGW/qwen2_chat_0_5B_fix_bug exists, loading it
Results for finding the threshold do not exist yet. Computing them now...
Classifying the articles...
Test metrics:
accuracy: 1.0
precision: 0.744
recall: 0.744
f1_score: 0.744
fp_rate: 0.0
tp_rate: 0.744
std_accuracy: 0.0
std_precision: 0.4364218143035474
std_recall: 0.4364218143035474
std_f1_score: 0.4364218143035474
std_fp_rate: 0.0
std_tp_rate: 0.4364218143035474
TP: 1.003
TN: 0.997
FP: 0.0
FN: 0.0
roc_auc: 1.0
fpr: [0. 0. 1.]
tpr: [0. 1. 1.]
thresholds: [       inf 4.66217214 0.37463432]
Test metrics at specific given threshold:
accuracy: 1.0
precision: 0.741
recall: 0.741
f1_score: 0.741
fp_rate: 0.0
tp_rate: 0.741
std_accuracy: 0.0
std_precision: 0.4380856080722123
std_recall: 0.4380856080722123
std_f1_score: 0.4380856080722123
std_fp_rate: 0.0
std_tp_rate: 0.4380856080722123
TP: 1.006
TN: 0.994
FP: 0.0
FN: 0.0
Threshold for target FPR 0.05: 0.3746343246326776
Classifying the articles...
Test metrics:
accuracy: 0.492
precision: 0.0
recall: 0.0
f1_score: 0.0
fp_rate: 0.0
tp_rate: 0.0
std_accuracy: 0.34990855948376
std_precision: 0.0
std_recall: 0.0
std_f1_score: 0.0
std_fp_rate: 0.0
std_tp_rate: 0.0
TP: 0.0
TN: 0.984
FP: 0.0
FN: 1.016
roc_auc: 1.0
fpr: [0. 0. 1.]
tpr: [0. 1. 1.]
thresholds: [       inf 2.26912674 0.18569534]
Test metrics at specific given threshold:
accuracy: 1.0
precision: 0.728
recall: 0.728
f1_score: 0.728
fp_rate: 0.0
tp_rate: 0.728
std_accuracy: 0.0
std_precision: 0.44498988752554813
std_recall: 0.44498988752554813
std_f1_score: 0.44498988752554813
std_fp_rate: 0.0
std_tp_rate: 0.44498988752554813
TP: 0.967
TN: 1.033
FP: 0.0
FN: 0.0
